#  x座標 　y座標  波動関数密度 という順で出力してます
     0.03226     0.03226     0.00000
     0.03226     0.06452     0.00000
     0.03226     0.09677     0.00000
     0.03226     0.12903     0.00000
     0.03226     0.16129     0.00000
     0.03226     0.19355     0.00000
     0.03226     0.22581     0.00000
     0.03226     0.25806     0.00006
     0.03226     0.29032     0.00016
     0.03226     0.32258     0.00053
     0.03226     0.35484     0.01002
     0.03226     0.38710     0.01912
     0.03226     0.41935     0.02615
     0.03226     0.45161     0.03114
     0.03226     0.48387     0.03374
     0.03226     0.51613     0.03369
     0.03226     0.54839     0.03098
     0.03226     0.58065     0.02594
     0.03226     0.61290     0.01891
     0.03226     0.64516     0.00988
     0.03226     0.67742     0.00052
     0.03226     0.70968     0.00016
     0.03226     0.74194     0.00005
     0.03226     0.77419     0.00000
     0.03226     0.80645     0.00000
     0.03226     0.83871     0.00000
     0.03226     0.87097     0.00000
     0.03226     0.90323     0.00000
     0.03226     0.93548     0.00000
     0.03226     0.96774     0.00000
 
     0.06452     0.03226     0.00000
     0.06452     0.06452     0.00000
     0.06452     0.09677     0.00000
     0.06452     0.12903     0.00000
     0.06452     0.16129     0.00000
     0.06452     0.19355     0.00001
     0.06452     0.22581     0.00022
     0.06452     0.25806     0.00690
     0.06452     0.29032     0.01781
     0.06452     0.32258     0.03420
     0.06452     0.35484     0.06309
     0.06452     0.38710     0.09401
     0.06452     0.41935     0.12186
     0.06452     0.45161     0.14296
     0.06452     0.48387     0.15426
     0.06452     0.51613     0.15399
     0.06452     0.54839     0.14223
     0.06452     0.58065     0.12084
     0.06452     0.61290     0.09291
     0.06452     0.64516     0.06215
     0.06452     0.67742     0.03358
     0.06452     0.70968     0.01742
     0.06452     0.74194     0.00673
     0.06452     0.77419     0.00021
     0.06452     0.80645     0.00001
     0.06452     0.83871     0.00000
     0.06452     0.87097     0.00000
     0.06452     0.90323     0.00000
     0.06452     0.93548     0.00000
     0.06452     0.96774     0.00000
 
     0.09677     0.03226     0.00000
     0.09677     0.06452     0.00000
     0.09677     0.09677     0.00000
     0.09677     0.12903     0.00000
     0.09677     0.16129     0.00001
     0.09677     0.19355     0.00028
     0.09677     0.22581     0.01072
     0.09677     0.25806     0.03510
     0.09677     0.29032     0.07198
     0.09677     0.32258     0.12302
     0.09677     0.35484     0.18963
     0.09677     0.38710     0.26273
     0.09677     0.41935     0.33141
     0.09677     0.45161     0.38478
     0.09677     0.48387     0.41370
     0.09677     0.51613     0.41295
     0.09677     0.54839     0.38270
     0.09677     0.58065     0.32844
     0.09677     0.61290     0.25944
     0.09677     0.64516     0.18659
     0.09677     0.67742     0.12062
     0.09677     0.70968     0.07033
     0.09677     0.74194     0.03418
     0.09677     0.77419     0.01041
     0.09677     0.80645     0.00027
     0.09677     0.83871     0.00001
     0.09677     0.87097     0.00000
     0.09677     0.90323     0.00000
     0.09677     0.93548     0.00000
     0.09677     0.96774     0.00000
 
     0.12903     0.03226     0.00000
     0.12903     0.06452     0.00000
     0.12903     0.09677     0.00000
     0.12903     0.12903     0.00001
     0.12903     0.16129     0.00028
     0.12903     0.19355     0.01181
     0.12903     0.22581     0.04310
     0.12903     0.25806     0.09813
     0.12903     0.29032     0.18013
     0.12903     0.32258     0.29093
     0.12903     0.35484     0.42737
     0.12903     0.38710     0.57613
     0.12903     0.41935     0.71696
     0.12903     0.45161     0.82717
     0.12903     0.48387     0.88708
     0.12903     0.51613     0.88536
     0.12903     0.54839     0.82235
     0.12903     0.58065     0.71001
     0.12903     0.61290     0.56834
     0.12903     0.64516     0.41998
     0.12903     0.67742     0.28480
     0.12903     0.70968     0.17566
     0.12903     0.74194     0.09535
     0.12903     0.77419     0.04173
     0.12903     0.80645     0.01139
     0.12903     0.83871     0.00027
     0.12903     0.87097     0.00001
     0.12903     0.90323     0.00000
     0.12903     0.93548     0.00000
     0.12903     0.96774     0.00000
 
     0.16129     0.03226     0.00000
     0.16129     0.06452     0.00000
     0.16129     0.09677     0.00000
     0.16129     0.12903     0.00023
     0.16129     0.16129     0.01065
     0.16129     0.19355     0.04235
     0.16129     0.22581     0.10494
     0.16129     0.25806     0.20865
     0.16129     0.29032     0.36176
     0.16129     0.32258     0.56692
     0.16129     0.35484     0.81604
     0.16129     0.38710     1.08628
     0.16129     0.41935     1.34214
     0.16129     0.45161     1.54260
     0.16129     0.48387     1.65152
     0.16129     0.51613     1.64802
     0.16129     0.54839     1.53280
     0.16129     0.58065     1.32798
     0.16129     0.61290     1.07029
     0.16129     0.64516     0.80064
     0.16129     0.67742     0.55390
     0.16129     0.70968     0.35199
     0.16129     0.74194     0.20218
     0.16129     0.77419     0.10127
     0.16129     0.80645     0.04070
     0.16129     0.83871     0.01019
     0.16129     0.87097     0.00022
     0.16129     0.90323     0.00000
     0.16129     0.93548     0.00000
     0.16129     0.96774     0.00000
 
     0.19355     0.03226     0.00000
     0.19355     0.06452     0.00000
     0.19355     0.09677     0.00016
     0.19355     0.12903     0.00802
     0.19355     0.16129     0.03472
     0.19355     0.19355     0.09319
     0.19355     0.22581     0.20009
     0.19355     0.25806     0.37340
     0.19355     0.29032     0.62763
     0.19355     0.32258     0.96680
     0.19355     0.35484     1.37673
     0.19355     0.38710     1.82021
     0.19355     0.41935     2.23960
     0.19355     0.45161     2.56797
     0.19355     0.48387     2.74608
     0.19355     0.51613     2.73966
     0.19355     0.54839     2.55001
     0.19355     0.58065     2.21359
     0.19355     0.61290     1.79070
     0.19355     0.64516     1.34814
     0.19355     0.67742     0.94235
     0.19355     0.70968     0.60895
     0.19355     0.74194     0.36063
     0.19355     0.77419     0.19237
     0.19355     0.80645     0.08918
     0.19355     0.83871     0.03307
     0.19355     0.87097     0.00761
     0.19355     0.90323     0.00015
     0.19355     0.93548     0.00000
     0.19355     0.96774     0.00000
 
     0.22581     0.03226     0.00000
     0.22581     0.06452     0.00009
     0.22581     0.09677     0.00497
     0.22581     0.12903     0.02375
     0.22581     0.16129     0.06943
     0.22581     0.19355     0.16118
     0.22581     0.22581     0.32394
     0.22581     0.25806     0.58480
     0.22581     0.29032     0.96562
     0.22581     0.32258     1.47220
     0.22581     0.35484     2.08299
     0.22581     0.38710     2.74263
     0.22581     0.41935     3.36567
     0.22581     0.45161     3.85290
     0.22581     0.48387     4.11652
     0.22581     0.51613     4.10580
     0.22581     0.54839     3.82289
     0.22581     0.58065     3.32211
     0.22581     0.61290     2.69310
     0.22581     0.64516     2.03480
     0.22581     0.67742     1.43073
     0.22581     0.70968     0.93360
     0.22581     0.74194     0.56251
     0.22581     0.77419     0.31000
     0.22581     0.80645     0.15346
     0.22581     0.83871     0.06576
     0.22581     0.87097     0.02238
     0.22581     0.90323     0.00465
     0.22581     0.93548     0.00008
     0.22581     0.96774     0.00000
 
     0.25806     0.03226     0.00002
     0.25806     0.06452     0.00223
     0.25806     0.09677     0.01305
     0.25806     0.12903     0.04285
     0.25806     0.16129     0.10873
     0.25806     0.19355     0.23629
     0.25806     0.22581     0.45897
     0.25806     0.25806     0.81330
     0.25806     0.29032     1.32864
     0.25806     0.32258     2.01256
     0.25806     0.35484     2.83575
     0.25806     0.38710     3.72352
     0.25806     0.41935     4.56100
     0.25806     0.45161     5.21495
     0.25806     0.48387     5.56765
     0.25806     0.51613     5.55125
     0.25806     0.54839     5.16903
     0.25806     0.58065     4.49429
     0.25806     0.61290     3.64755
     0.25806     0.64516     2.76164
     0.25806     0.67742     1.94853
     0.25806     0.70968     1.27889
     0.25806     0.74194     0.77831
     0.25806     0.77419     0.43668
     0.25806     0.80645     0.22351
     0.25806     0.83871     0.10226
     0.25806     0.87097     0.04007
     0.25806     0.90323     0.01213
     0.25806     0.93548     0.00206
     0.25806     0.96774     0.00002
 
     0.29032     0.03226     0.00004
     0.29032     0.06452     0.00451
     0.29032     0.09677     0.02064
     0.29032     0.12903     0.06012
     0.29032     0.16129     0.14343
     0.29032     0.19355     0.30142
     0.29032     0.22581     0.57453
     0.29032     0.25806     1.00684
     0.29032     0.29032     1.63374
     0.29032     0.32258     2.46404
     0.29032     0.35484     3.46189
     0.29032     0.38710     4.53655
     0.29032     0.41935     5.54895
     0.29032     0.45161     6.33805
     0.29032     0.48387     6.76187
     0.29032     0.51613     6.73894
     0.29032     0.54839     6.27380
     0.29032     0.58065     5.45555
     0.29032     0.61290     4.43008
     0.29032     0.64516     3.35786
     0.29032     0.67742     2.37394
     0.29032     0.70968     1.56345
     0.29032     0.74194     0.95709
     0.29032     0.77419     0.54251
     0.29032     0.80645     0.28274
     0.29032     0.83871     0.13365
     0.29032     0.87097     0.05566
     0.29032     0.90323     0.01899
     0.29032     0.93548     0.00413
     0.29032     0.96774     0.00003
 
     0.32258     0.03226     0.00008
     0.32258     0.06452     0.00627
     0.32258     0.09677     0.02569
     0.32258     0.12903     0.07061
     0.32258     0.16129     0.16305
     0.32258     0.19355     0.33627
     0.32258     0.22581     0.63373
     0.32258     0.25806     1.10278
     0.32258     0.29032     1.78124
     0.32258     0.32258     2.67818
     0.32258     0.35484     3.75441
     0.32258     0.38710     4.91178
     0.32258     0.41935     6.00028
     0.32258     0.45161     6.84669
     0.32258     0.48387     7.29873
     0.32258     0.51613     7.26952
     0.32258     0.54839     6.76485
     0.32258     0.58065     5.88125
     0.32258     0.61290     4.77600
     0.32258     0.64516     3.62160
     0.32258     0.67742     2.56296
     0.32258     0.70968     1.69114
     0.32258     0.74194     1.03876
     0.32258     0.77419     0.59226
     0.32258     0.80645     0.31182
     0.32258     0.83871     0.15003
     0.32258     0.87097     0.06448
     0.32258     0.90323     0.02329
     0.32258     0.93548     0.00565
     0.32258     0.96774     0.00007
 
     0.35484     0.03226     0.00105
     0.35484     0.06452     0.00778
     0.35484     0.09677     0.02690
     0.35484     0.12903     0.07054
     0.35484     0.16129     0.15943
     0.35484     0.19355     0.32486
     0.35484     0.22581     0.60768
     0.35484     0.25806     1.05225
     0.35484     0.29032     1.69381
     0.35484     0.32258     2.54034
     0.35484     0.35484     3.55426
     0.35484     0.38710     4.64260
     0.35484     0.41935     5.66391
     0.35484     0.45161     6.45545
     0.35484     0.48387     6.87472
     0.35484     0.51613     6.84114
     0.35484     0.54839     6.36136
     0.35484     0.58065     5.52703
     0.35484     0.61290     4.48638
     0.35484     0.64516     3.40135
     0.35484     0.67742     2.40753
     0.35484     0.70968     1.58979
     0.35484     0.74194     0.97814
     0.35484     0.77419     0.55949
     0.35484     0.80645     0.29627
     0.35484     0.83871     0.14404
     0.35484     0.87097     0.06314
     0.35484     0.90323     0.02387
     0.35484     0.93548     0.00684
     0.35484     0.96774     0.00091
 
     0.38710     0.03226     0.00131
     0.38710     0.06452     0.00724
     0.38710     0.09677     0.02309
     0.38710     0.12903     0.05873
     0.38710     0.16129     0.13085
     0.38710     0.19355     0.26439
     0.38710     0.22581     0.49183
     0.38710     0.25806     0.84831
     0.38710     0.29032     1.36145
     0.38710     0.32258     2.03690
     0.38710     0.35484     2.84398
     0.38710     0.38710     3.70800
     0.38710     0.41935     4.51613
     0.38710     0.45161     5.13922
     0.38710     0.48387     5.46494
     0.38710     0.51613     5.43067
     0.38710     0.54839     5.04318
     0.38710     0.58065     4.37640
     0.38710     0.61290     3.54848
     0.38710     0.64516     2.68776
     0.38710     0.67742     1.90112
     0.38710     0.70968     1.25497
     0.38710     0.74194     0.77234
     0.38710     0.77419     0.44230
     0.38710     0.80645     0.23488
     0.38710     0.83871     0.11485
     0.38710     0.87097     0.05095
     0.38710     0.90323     0.01980
     0.38710     0.93548     0.00614
     0.38710     0.96774     0.00110
 
     0.41935     0.03226     0.00098
     0.41935     0.06452     0.00502
     0.41935     0.09677     0.01542
     0.41935     0.12903     0.03852
     0.41935     0.16129     0.08495
     0.41935     0.19355     0.17049
     0.41935     0.22581     0.31561
     0.41935     0.25806     0.54220
     0.41935     0.29032     0.86719
     0.41935     0.32258     1.29342
     0.41935     0.35484     1.80073
     0.41935     0.38710     2.34137
     0.41935     0.41935     2.84408
     0.41935     0.45161     3.22810
     0.41935     0.48387     3.42395
     0.41935     0.51613     3.39395
     0.41935     0.54839     3.14401
     0.41935     0.58065     2.72172
     0.41935     0.61290     2.20164
     0.41935     0.64516     1.66385
     0.41935     0.67742     1.17440
     0.41935     0.70968     0.77379
     0.41935     0.74194     0.47549
     0.41935     0.77419     0.27205
     0.41935     0.80645     0.14448
     0.41935     0.83871     0.07078
     0.41935     0.87097     0.03158
     0.41935     0.90323     0.01244
     0.41935     0.93548     0.00399
     0.41935     0.96774     0.00077
 
     0.45161     0.03226     0.00046
     0.45161     0.06452     0.00230
     0.45161     0.09677     0.00693
     0.45161     0.12903     0.01710
     0.45161     0.16129     0.03736
     0.45161     0.19355     0.07441
     0.45161     0.22581     0.13683
     0.45161     0.25806     0.23361
     0.45161     0.29032     0.37141
     0.45161     0.32258     0.55074
     0.45161     0.35484     0.76234
     0.45161     0.38710     0.98552
     0.45161     0.41935     1.19023
     0.45161     0.45161     1.34313
     0.45161     0.48387     1.41634
     0.45161     0.51613     1.39572
     0.45161     0.54839     1.28534
     0.45161     0.58065     1.10614
     0.45161     0.61290     0.88948
     0.45161     0.64516     0.66824
     0.45161     0.67742     0.46890
     0.45161     0.70968     0.30716
     0.45161     0.74194     0.18769
     0.45161     0.77419     0.10682
     0.45161     0.80645     0.05646
     0.45161     0.83871     0.02756
     0.45161     0.87097     0.01228
     0.45161     0.90323     0.00485
     0.45161     0.93548     0.00157
     0.45161     0.96774     0.00031
 
     0.48387     0.03226     0.00008
     0.48387     0.06452     0.00038
     0.48387     0.09677     0.00113
     0.48387     0.12903     0.00272
     0.48387     0.16129     0.00580
     0.48387     0.19355     0.01130
     0.48387     0.22581     0.02031
     0.48387     0.25806     0.03387
     0.48387     0.29032     0.05256
     0.48387     0.32258     0.07604
     0.48387     0.35484     0.10261
     0.48387     0.38710     0.12922
     0.48387     0.41935     0.15192
     0.48387     0.45161     0.16676
     0.48387     0.48387     0.17091
     0.48387     0.51613     0.16356
     0.48387     0.54839     0.14615
     0.48387     0.58065     0.12193
     0.48387     0.61290     0.09496
     0.48387     0.64516     0.06904
     0.48387     0.67742     0.04683
     0.48387     0.70968     0.02963
     0.48387     0.74194     0.01747
     0.48387     0.77419     0.00959
     0.48387     0.80645     0.00488
     0.48387     0.83871     0.00230
     0.48387     0.87097     0.00099
     0.48387     0.90323     0.00038
     0.48387     0.93548     0.00012
     0.48387     0.96774     0.00002
 
     0.51613     0.03226     0.00002
     0.51613     0.06452     0.00012
     0.51613     0.09677     0.00038
     0.51613     0.12903     0.00099
     0.51613     0.16129     0.00230
     0.51613     0.19355     0.00488
     0.51613     0.22581     0.00959
     0.51613     0.25806     0.01747
     0.51613     0.29032     0.02963
     0.51613     0.32258     0.04683
     0.51613     0.35484     0.06904
     0.51613     0.38710     0.09496
     0.51613     0.41935     0.12193
     0.51613     0.45161     0.14615
     0.51613     0.48387     0.16356
     0.51613     0.51613     0.17091
     0.51613     0.54839     0.16676
     0.51613     0.58065     0.15192
     0.51613     0.61290     0.12922
     0.51613     0.64516     0.10261
     0.51613     0.67742     0.07604
     0.51613     0.70968     0.05256
     0.51613     0.74194     0.03387
     0.51613     0.77419     0.02031
     0.51613     0.80645     0.01130
     0.51613     0.83871     0.00580
     0.51613     0.87097     0.00272
     0.51613     0.90323     0.00113
     0.51613     0.93548     0.00038
     0.51613     0.96774     0.00008
 
     0.54839     0.03226     0.00031
     0.54839     0.06452     0.00157
     0.54839     0.09677     0.00485
     0.54839     0.12903     0.01228
     0.54839     0.16129     0.02756
     0.54839     0.19355     0.05646
     0.54839     0.22581     0.10682
     0.54839     0.25806     0.18769
     0.54839     0.29032     0.30716
     0.54839     0.32258     0.46890
     0.54839     0.35484     0.66824
     0.54839     0.38710     0.88948
     0.54839     0.41935     1.10614
     0.54839     0.45161     1.28534
     0.54839     0.48387     1.39572
     0.54839     0.51613     1.41634
     0.54839     0.54839     1.34313
     0.54839     0.58065     1.19023
     0.54839     0.61290     0.98552
     0.54839     0.64516     0.76234
     0.54839     0.67742     0.55074
     0.54839     0.70968     0.37141
     0.54839     0.74194     0.23361
     0.54839     0.77419     0.13683
     0.54839     0.80645     0.07441
     0.54839     0.83871     0.03736
     0.54839     0.87097     0.01710
     0.54839     0.90323     0.00693
     0.54839     0.93548     0.00230
     0.54839     0.96774     0.00046
 
     0.58065     0.03226     0.00077
     0.58065     0.06452     0.00399
     0.58065     0.09677     0.01244
     0.58065     0.12903     0.03158
     0.58065     0.16129     0.07078
     0.58065     0.19355     0.14448
     0.58065     0.22581     0.27205
     0.58065     0.25806     0.47549
     0.58065     0.29032     0.77379
     0.58065     0.32258     1.17440
     0.58065     0.35484     1.66385
     0.58065     0.38710     2.20164
     0.58065     0.41935     2.72172
     0.58065     0.45161     3.14401
     0.58065     0.48387     3.39395
     0.58065     0.51613     3.42395
     0.58065     0.54839     3.22810
     0.58065     0.58065     2.84408
     0.58065     0.61290     2.34137
     0.58065     0.64516     1.80073
     0.58065     0.67742     1.29342
     0.58065     0.70968     0.86719
     0.58065     0.74194     0.54220
     0.58065     0.77419     0.31561
     0.58065     0.80645     0.17049
     0.58065     0.83871     0.08495
     0.58065     0.87097     0.03852
     0.58065     0.90323     0.01542
     0.58065     0.93548     0.00502
     0.58065     0.96774     0.00098
 
     0.61290     0.03226     0.00110
     0.61290     0.06452     0.00614
     0.61290     0.09677     0.01980
     0.61290     0.12903     0.05095
     0.61290     0.16129     0.11485
     0.61290     0.19355     0.23488
     0.61290     0.22581     0.44230
     0.61290     0.25806     0.77234
     0.61290     0.29032     1.25497
     0.61290     0.32258     1.90112
     0.61290     0.35484     2.68776
     0.61290     0.38710     3.54848
     0.61290     0.41935     4.37640
     0.61290     0.45161     5.04318
     0.61290     0.48387     5.43067
     0.61290     0.51613     5.46494
     0.61290     0.54839     5.13922
     0.61290     0.58065     4.51613
     0.61290     0.61290     3.70800
     0.61290     0.64516     2.84398
     0.61290     0.67742     2.03690
     0.61290     0.70968     1.36145
     0.61290     0.74194     0.84831
     0.61290     0.77419     0.49183
     0.61290     0.80645     0.26439
     0.61290     0.83871     0.13085
     0.61290     0.87097     0.05873
     0.61290     0.90323     0.02309
     0.61290     0.93548     0.00724
     0.61290     0.96774     0.00131
 
     0.64516     0.03226     0.00091
     0.64516     0.06452     0.00684
     0.64516     0.09677     0.02387
     0.64516     0.12903     0.06314
     0.64516     0.16129     0.14404
     0.64516     0.19355     0.29627
     0.64516     0.22581     0.55949
     0.64516     0.25806     0.97814
     0.64516     0.29032     1.58979
     0.64516     0.32258     2.40753
     0.64516     0.35484     3.40135
     0.64516     0.38710     4.48638
     0.64516     0.41935     5.52703
     0.64516     0.45161     6.36136
     0.64516     0.48387     6.84114
     0.64516     0.51613     6.87472
     0.64516     0.54839     6.45545
     0.64516     0.58065     5.66391
     0.64516     0.61290     4.64260
     0.64516     0.64516     3.55426
     0.64516     0.67742     2.54034
     0.64516     0.70968     1.69381
     0.64516     0.74194     1.05225
     0.64516     0.77419     0.60768
     0.64516     0.80645     0.32486
     0.64516     0.83871     0.15943
     0.64516     0.87097     0.07054
     0.64516     0.90323     0.02690
     0.64516     0.93548     0.00778
     0.64516     0.96774     0.00105
 
     0.67742     0.03226     0.00007
     0.67742     0.06452     0.00565
     0.67742     0.09677     0.02329
     0.67742     0.12903     0.06448
     0.67742     0.16129     0.15003
     0.67742     0.19355     0.31182
     0.67742     0.22581     0.59226
     0.67742     0.25806     1.03876
     0.67742     0.29032     1.69114
     0.67742     0.32258     2.56296
     0.67742     0.35484     3.62160
     0.67742     0.38710     4.77600
     0.67742     0.41935     5.88125
     0.67742     0.45161     6.76485
     0.67742     0.48387     7.26952
     0.67742     0.51613     7.29873
     0.67742     0.54839     6.84669
     0.67742     0.58065     6.00028
     0.67742     0.61290     4.91178
     0.67742     0.64516     3.75441
     0.67742     0.67742     2.67818
     0.67742     0.70968     1.78124
     0.67742     0.74194     1.10278
     0.67742     0.77419     0.63373
     0.67742     0.80645     0.33627
     0.67742     0.83871     0.16305
     0.67742     0.87097     0.07061
     0.67742     0.90323     0.02569
     0.67742     0.93548     0.00627
     0.67742     0.96774     0.00008
 
     0.70968     0.03226     0.00003
     0.70968     0.06452     0.00413
     0.70968     0.09677     0.01899
     0.70968     0.12903     0.05566
     0.70968     0.16129     0.13365
     0.70968     0.19355     0.28274
     0.70968     0.22581     0.54251
     0.70968     0.25806     0.95709
     0.70968     0.29032     1.56345
     0.70968     0.32258     2.37394
     0.70968     0.35484     3.35786
     0.70968     0.38710     4.43008
     0.70968     0.41935     5.45555
     0.70968     0.45161     6.27380
     0.70968     0.48387     6.73894
     0.70968     0.51613     6.76187
     0.70968     0.54839     6.33805
     0.70968     0.58065     5.54895
     0.70968     0.61290     4.53655
     0.70968     0.64516     3.46189
     0.70968     0.67742     2.46404
     0.70968     0.70968     1.63374
     0.70968     0.74194     1.00684
     0.70968     0.77419     0.57453
     0.70968     0.80645     0.30142
     0.70968     0.83871     0.14343
     0.70968     0.87097     0.06012
     0.70968     0.90323     0.02064
     0.70968     0.93548     0.00451
     0.70968     0.96774     0.00004
 
     0.74194     0.03226     0.00002
     0.74194     0.06452     0.00206
     0.74194     0.09677     0.01213
     0.74194     0.12903     0.04007
     0.74194     0.16129     0.10226
     0.74194     0.19355     0.22351
     0.74194     0.22581     0.43668
     0.74194     0.25806     0.77831
     0.74194     0.29032     1.27889
     0.74194     0.32258     1.94853
     0.74194     0.35484     2.76164
     0.74194     0.38710     3.64755
     0.74194     0.41935     4.49429
     0.74194     0.45161     5.16903
     0.74194     0.48387     5.55125
     0.74194     0.51613     5.56765
     0.74194     0.54839     5.21495
     0.74194     0.58065     4.56100
     0.74194     0.61290     3.72352
     0.74194     0.64516     2.83575
     0.74194     0.67742     2.01256
     0.74194     0.70968     1.32864
     0.74194     0.74194     0.81330
     0.74194     0.77419     0.45897
     0.74194     0.80645     0.23629
     0.74194     0.83871     0.10873
     0.74194     0.87097     0.04285
     0.74194     0.90323     0.01305
     0.74194     0.93548     0.00223
     0.74194     0.96774     0.00002
 
     0.77419     0.03226     0.00000
     0.77419     0.06452     0.00008
     0.77419     0.09677     0.00465
     0.77419     0.12903     0.02238
     0.77419     0.16129     0.06576
     0.77419     0.19355     0.15346
     0.77419     0.22581     0.31000
     0.77419     0.25806     0.56251
     0.77419     0.29032     0.93360
     0.77419     0.32258     1.43073
     0.77419     0.35484     2.03480
     0.77419     0.38710     2.69310
     0.77419     0.41935     3.32211
     0.77419     0.45161     3.82289
     0.77419     0.48387     4.10580
     0.77419     0.51613     4.11652
     0.77419     0.54839     3.85290
     0.77419     0.58065     3.36567
     0.77419     0.61290     2.74263
     0.77419     0.64516     2.08299
     0.77419     0.67742     1.47220
     0.77419     0.70968     0.96562
     0.77419     0.74194     0.58480
     0.77419     0.77419     0.32394
     0.77419     0.80645     0.16118
     0.77419     0.83871     0.06943
     0.77419     0.87097     0.02375
     0.77419     0.90323     0.00497
     0.77419     0.93548     0.00009
     0.77419     0.96774     0.00000
 
     0.80645     0.03226     0.00000
     0.80645     0.06452     0.00000
     0.80645     0.09677     0.00015
     0.80645     0.12903     0.00761
     0.80645     0.16129     0.03307
     0.80645     0.19355     0.08918
     0.80645     0.22581     0.19237
     0.80645     0.25806     0.36063
     0.80645     0.29032     0.60895
     0.80645     0.32258     0.94235
     0.80645     0.35484     1.34814
     0.80645     0.38710     1.79070
     0.80645     0.41935     2.21359
     0.80645     0.45161     2.55001
     0.80645     0.48387     2.73966
     0.80645     0.51613     2.74608
     0.80645     0.54839     2.56797
     0.80645     0.58065     2.23960
     0.80645     0.61290     1.82021
     0.80645     0.64516     1.37673
     0.80645     0.67742     0.96680
     0.80645     0.70968     0.62763
     0.80645     0.74194     0.37340
     0.80645     0.77419     0.20009
     0.80645     0.80645     0.09319
     0.80645     0.83871     0.03472
     0.80645     0.87097     0.00802
     0.80645     0.90323     0.00016
     0.80645     0.93548     0.00000
     0.80645     0.96774     0.00000
 
     0.83871     0.03226     0.00000
     0.83871     0.06452     0.00000
     0.83871     0.09677     0.00000
     0.83871     0.12903     0.00022
     0.83871     0.16129     0.01019
     0.83871     0.19355     0.04070
     0.83871     0.22581     0.10127
     0.83871     0.25806     0.20218
     0.83871     0.29032     0.35199
     0.83871     0.32258     0.55390
     0.83871     0.35484     0.80064
     0.83871     0.38710     1.07029
     0.83871     0.41935     1.32798
     0.83871     0.45161     1.53280
     0.83871     0.48387     1.64802
     0.83871     0.51613     1.65152
     0.83871     0.54839     1.54260
     0.83871     0.58065     1.34214
     0.83871     0.61290     1.08628
     0.83871     0.64516     0.81604
     0.83871     0.67742     0.56692
     0.83871     0.70968     0.36176
     0.83871     0.74194     0.20865
     0.83871     0.77419     0.10494
     0.83871     0.80645     0.04235
     0.83871     0.83871     0.01065
     0.83871     0.87097     0.00023
     0.83871     0.90323     0.00000
     0.83871     0.93548     0.00000
     0.83871     0.96774     0.00000
 
     0.87097     0.03226     0.00000
     0.87097     0.06452     0.00000
     0.87097     0.09677     0.00000
     0.87097     0.12903     0.00001
     0.87097     0.16129     0.00027
     0.87097     0.19355     0.01139
     0.87097     0.22581     0.04173
     0.87097     0.25806     0.09535
     0.87097     0.29032     0.17566
     0.87097     0.32258     0.28480
     0.87097     0.35484     0.41998
     0.87097     0.38710     0.56834
     0.87097     0.41935     0.71001
     0.87097     0.45161     0.82235
     0.87097     0.48387     0.88536
     0.87097     0.51613     0.88708
     0.87097     0.54839     0.82717
     0.87097     0.58065     0.71696
     0.87097     0.61290     0.57613
     0.87097     0.64516     0.42737
     0.87097     0.67742     0.29093
     0.87097     0.70968     0.18013
     0.87097     0.74194     0.09813
     0.87097     0.77419     0.04310
     0.87097     0.80645     0.01181
     0.87097     0.83871     0.00028
     0.87097     0.87097     0.00001
     0.87097     0.90323     0.00000
     0.87097     0.93548     0.00000
     0.87097     0.96774     0.00000
 
     0.90323     0.03226     0.00000
     0.90323     0.06452     0.00000
     0.90323     0.09677     0.00000
     0.90323     0.12903     0.00000
     0.90323     0.16129     0.00001
     0.90323     0.19355     0.00027
     0.90323     0.22581     0.01041
     0.90323     0.25806     0.03418
     0.90323     0.29032     0.07033
     0.90323     0.32258     0.12062
     0.90323     0.35484     0.18659
     0.90323     0.38710     0.25944
     0.90323     0.41935     0.32844
     0.90323     0.45161     0.38270
     0.90323     0.48387     0.41295
     0.90323     0.51613     0.41370
     0.90323     0.54839     0.38478
     0.90323     0.58065     0.33141
     0.90323     0.61290     0.26273
     0.90323     0.64516     0.18963
     0.90323     0.67742     0.12302
     0.90323     0.70968     0.07198
     0.90323     0.74194     0.03510
     0.90323     0.77419     0.01072
     0.90323     0.80645     0.00028
     0.90323     0.83871     0.00001
     0.90323     0.87097     0.00000
     0.90323     0.90323     0.00000
     0.90323     0.93548     0.00000
     0.90323     0.96774     0.00000
 
     0.93548     0.03226     0.00000
     0.93548     0.06452     0.00000
     0.93548     0.09677     0.00000
     0.93548     0.12903     0.00000
     0.93548     0.16129     0.00000
     0.93548     0.19355     0.00001
     0.93548     0.22581     0.00021
     0.93548     0.25806     0.00673
     0.93548     0.29032     0.01742
     0.93548     0.32258     0.03358
     0.93548     0.35484     0.06215
     0.93548     0.38710     0.09291
     0.93548     0.41935     0.12084
     0.93548     0.45161     0.14223
     0.93548     0.48387     0.15399
     0.93548     0.51613     0.15426
     0.93548     0.54839     0.14296
     0.93548     0.58065     0.12186
     0.93548     0.61290     0.09401
     0.93548     0.64516     0.06309
     0.93548     0.67742     0.03420
     0.93548     0.70968     0.01781
     0.93548     0.74194     0.00690
     0.93548     0.77419     0.00022
     0.93548     0.80645     0.00001
     0.93548     0.83871     0.00000
     0.93548     0.87097     0.00000
     0.93548     0.90323     0.00000
     0.93548     0.93548     0.00000
     0.93548     0.96774     0.00000
 
     0.96774     0.03226     0.00000
     0.96774     0.06452     0.00000
     0.96774     0.09677     0.00000
     0.96774     0.12903     0.00000
     0.96774     0.16129     0.00000
     0.96774     0.19355     0.00000
     0.96774     0.22581     0.00000
     0.96774     0.25806     0.00005
     0.96774     0.29032     0.00016
     0.96774     0.32258     0.00052
     0.96774     0.35484     0.00988
     0.96774     0.38710     0.01891
     0.96774     0.41935     0.02594
     0.96774     0.45161     0.03098
     0.96774     0.48387     0.03369
     0.96774     0.51613     0.03374
     0.96774     0.54839     0.03114
     0.96774     0.58065     0.02615
     0.96774     0.61290     0.01912
     0.96774     0.64516     0.01002
     0.96774     0.67742     0.00053
     0.96774     0.70968     0.00016
     0.96774     0.74194     0.00006
     0.96774     0.77419     0.00000
     0.96774     0.80645     0.00000
     0.96774     0.83871     0.00000
     0.96774     0.87097     0.00000
     0.96774     0.90323     0.00000
     0.96774     0.93548     0.00000
     0.96774     0.96774     0.00000
 
